0   0.25377715
1   0.15745342
2   0.110406704
3   0.07564318
4   0.06664032
5   0.06328341
6   0.060912184
7   0.05935483
8   0.05785594
10   0.055890087
12   0.054387055
14   0.052694045
17   0.051094275
20   0.0494301
23   0.04784376
25   0.046648055
28   0.04503252
29   0.0433273
31   0.041603543
33   0.040035006
35   0.0383274
37   0.03684794
40   0.035542663
41   0.03412812
43   0.032445777
46   0.030994313
47   0.029523542
49   0.027142191
52   0.025811082
55   0.02307037
58   0.021834765
61   0.020659452
64   0.019034693
66   0.01783562
70   0.016610153
74   0.015319049
78   0.014090388
84   0.013002377
89   0.011842284
96   0.010787292
97   0.009662465
105   0.0086597465
109   0.007647787
116   0.006596145
125   0.0055162655
137   0.0043307203
175   0.0033226006
