0   tensor(1.3897e-05, grad_fn=<MeanBackward0>)
[[5.00000000e+01 6.57893007e-01 8.73317205e-01 1.62936889e-01
  4.11480263e-01]
 [1.00000000e+02 7.67844634e-01 9.34122105e-01 2.70437013e-01
  6.25504510e-01]
 [2.50000000e+02 8.34456050e-01 9.44577985e-01 5.68996355e-01
  8.45189585e-01]
 [5.00000000e+02 8.71103497e-01 9.54701862e-01 7.77121105e-01
  9.15699715e-01]
 [1.00000000e+03 8.98954230e-01 9.61301664e-01 8.72913239e-01
  9.46999865e-01]
 [1.50000000e+04 9.06553527e-01 9.62557846e-01 9.51651164e-01
  9.56013157e-01]]
